{
  "fall_press_admit_conduct": {
    "model": [
      [
        0.24357686431215844,
        0.2342063942904279,
        0.18652905839880626,
        0.3356876829986074
      ],
      [
        0.1953906102067867,
        0.22560570624908857,
        0.2112714409773233,
        0.3677322425668015
      ],
      [
        0.45462747777043105,
        0.3328871503304133,
        0.09457440253469329,
        0.11791096936446241
      ],
      [
        0.43759497915225465,
        0.1403130225467687,
        0.18706694921865197,
        0.23502504908232463
      ]
    ],
    "type": "MMMM",
    "S_to_V": 0.7903933735981792,
    "V_to_S": 0.7820001228132032,
    "S___V": 0.240539554369966
  },
  "fall_letter_admit_conduct": {
    "model": [
      [
        0.24357686431215844,
        0.2342063942904279,
        0.18652905839880626,
        0.3356876829986074
      ],
      [
        0.1953906102067867,
        0.22560570624908857,
        0.2112714409773233,
        0.3677322425668015
      ],
      [
        0.40945094360030415,
        0.2955158572033252,
        0.1410772124720974,
        0.15395598672427319
      ],
      [
        0.4398856269140291,
        0.2802727876810526,
        0.13839433704597257,
        0.14144724835894576
      ]
    ],
    "type": "MSMM",
    "S_to_V": 0.9432130578532889,
    "V_to_S": 0.8283820872241083,
    "S___V": 0.171617912775891
  },
  "fall_plant_admit_conduct": {
    "model": [
      [
        0.24357686431215844,
        0.2342063942904279,
        0.18652905839880626,
        0.3356876829986074
      ],
      [
        0.1953906102067867,
        0.22560570624908857,
        0.2112714409773233,
        0.3677322425668015
      ],
      [
        0.11756268585215955,
        0.18513411052884735,
        0.3227711743665691,
        0.37453202925242396
      ],
      [
        0.18257810736249286,
        0.25657060596333714,
        0.2948489380379271,
        0.26600234863624284
      ]
    ],
    "type": "MMMM",
    "S_to_V": 0.8635480830551769,
    "V_to_S": 0.92923500578369,
    "S___V": 0.13645191694482284
  },
  "fall_line_admit_conduct": {
    "model": [
      [
        0.24357686431215844,
        0.2342063942904279,
        0.18652905839880626,
        0.3356876829986074
      ],
      [
        0.1953906102067867,
        0.22560570624908857,
        0.2112714409773233,
        0.3677322425668015
      ],
      [
        0.11717168901951512,
        0.21921134190475622,
        0.4267393619511585,
        0.23687760712457004
      ],
      [
        0.20070240286029759,
        0.30113237639553425,
        0.3157238200396095,
        0.18244140070455864
      ]
    ],
    "type": "MSMM",
    "S_to_V": 0.8345482516684394,
    "V_to_S": 0.886194871740291,
    "S___V": 0.16545174833156073
  },
  "pen_plant_bore_launch": {
    "model": [
      [
        0.22477781735173039,
        0.47481790769616855,
        0.13386138113094634,
        0.1665428938211547
      ],
      [
        0.23760604371473942,
        0.36688326407891636,
        0.16964914554044988,
        0.22586154666589453
      ],
      [
        0.16721614375962204,
        0.30432712697930087,
        0.16323081507864118,
        0.36522591418243594
      ],
      [
        0.18523392730420593,
        0.2004712854053411,
        0.2799015146875828,
        0.33439327260287016
      ]
    ],
    "type": "MMMS",
    "S_to_V": 0.9048935827457566,
    "V_to_S": 0.9421197472634003,
    "S___V": 0.09510641725424396
  },
  "pen_plant_bore_tap": {
    "model": [
      [
        0.22477781735173039,
        0.47481790769616855,
        0.13386138113094634,
        0.1665428938211547
      ],
      [
        0.41141982721266607,
        0.30060714393355065,
        0.15428183253470978,
        0.13369119631907356
      ],
      [
        0.16721614375962204,
        0.30432712697930087,
        0.16323081507864118,
        0.36522591418243594
      ],
      [
        0.30474675591380396,
        0.10615238181599737,
        0.21966015296678915,
        0.3694407093034095
      ]
    ],
    "type": "MMMM",
    "S_to_V": 0.9393558669908785,
    "V_to_S": 0.9587052491332173,
    "S___V": 0.06064413300912208
  },
  "pen_plant_launch_tap": {
    "model": [
      [
        0.23760604371473942,
        0.36688326407891636,
        0.16964914554044988,
        0.22586154666589453
      ],
      [
        0.41141982721266607,
        0.30060714393355065,
        0.15428183253470978,
        0.13369119631907356
      ],
      [
        0.18523392730420593,
        0.2004712854053411,
        0.2799015146875828,
        0.33439327260287016
      ],
      [
        0.30474675591380396,
        0.10615238181599737,
        0.21966015296678915,
        0.3694407093034095
      ]
    ],
    "type": "MMSM",
    "S_to_V": 0.892462336647439,
    "V_to_S": 0.9421197472634003,
    "S___V": 0.10753766335256021
  },
  "pen_tin_clean_launch": {
    "model": [
      [
        0.33111286569181303,
        0.3405308964914228,
        0.18719676351913195,
        0.14115947429763218
      ],
      [
        0.23760604371473942,
        0.36688326407891636,
        0.16964914554044988,
        0.22586154666589453
      ],
      [
        0.3136021650015489,
        0.2167636212698408,
        0.23741233530090772,
        0.23222187842770267
      ],
      [
        0.2518928495311168,
        0.2508646554575796,
        0.22846730879552704,
        0.2687751862157766
      ]
    ],
    "type": "MSSS",
    "S_to_V": 0.9328455456104198,
    "V_to_S": 0.9268950309285452,
    "S___V": 0.07310496907145314
  },
  "pen_tin_bury_launch": {
    "model": [
      [
        0.1966251496206739,
        0.26933353077135047,
        0.28863068599961184,
        0.2454106336083638
      ],
      [
        0.23760604371473942,
        0.36688326407891636,
        0.16964914554044988,
        0.22586154666589453
      ],
      [
        0.2018864946855377,
        0.22091322154719284,
        0.2555558954602017,
        0.3216443883070677
      ],
      [
        0.2518928495311168,
        0.2508646554575796,
        0.22846730879552704,
        0.2687751862157766
      ]
    ],
    "type": "MSSS",
    "S_to_V": 0.8614693725983686,
    "V_to_S": 0.9268950309285452,
    "S___V": 0.13853062740163136
  },
  "pen_tin_bury_clean": {
    "model": [
      [
        0.1966251496206739,
        0.26933353077135047,
        0.28863068599961184,
        0.2454106336083638
      ],
      [
        0.33111286569181303,
        0.3405308964914228,
        0.18719676351913195,
        0.14115947429763218
      ],
      [
        0.2018864946855377,
        0.22091322154719284,
        0.2555558954602017,
        0.3216443883070677
      ],
      [
        0.3136021650015489,
        0.2167636212698408,
        0.23741233530090772,
        0.23222187842770267
      ]
    ],
    "type": "MSSS",
    "S_to_V": 0.7943149182087885,
    "V_to_S": 0.9672951289084883,
    "S___V": 0.2056850817912117
  },
  "press_television_box_label": {
    "model": [
      [
        0.45064692790645133,
        0.1905533437561974,
        0.24335931143832615,
        0.11544041689902507
      ],
      [
        0.21071793435322841,
        0.4381887968240909,
        0.22101716322892787,
        0.13007610559375263
      ],
      [
        0.3369386339781077,
        0.10562912355675513,
        0.34856274634235157,
        0.20886949612278563
      ],
      [
        0.14394869349799208,
        0.256588292451376,
        0.17710929963246091,
        0.422353714418171
      ]
    ],
    "type": "MSMS",
    "S_to_V": 0.9579692284145054,
    "V_to_S": 0.8893228955482967,
    "S___V": 0.1106771044517032
  },
  "press_television_box_wipe": {
    "model": [
      [
        0.45064692790645133,
        0.1905533437561974,
        0.24335931143832615,
        0.11544041689902507
      ],
      [
        0.1997893518328637,
        0.39697947775877185,
        0.20635521262182824,
        0.19687595778653624
      ],
      [
        0.3369386339781077,
        0.10562912355675513,
        0.34856274634235157,
        0.20886949612278563
      ],
      [
        0.15360833868106885,
        0.2811216161407977,
        0.15341449627974568,
        0.41185554889838777
      ]
    ],
    "type": "MSMS",
    "S_to_V": 0.9555685579289868,
    "V_to_S": 0.9008782705061226,
    "S___V": 0.09912172949387754
  },
  "press_television_admit_box": {
    "model": [
      [
        0.45462747777043105,
        0.3328871503304133,
        0.09457440253469329,
        0.11791096936446241
      ],
      [
        0.45064692790645133,
        0.1905533437561974,
        0.24335931143832615,
        0.11544041689902507
      ],
      [
        0.19186888909928126,
        0.16183812647047943,
        0.400564134485703,
        0.24572884994453617
      ],
      [
        0.3369386339781077,
        0.10562912355675513,
        0.34856274634235157,
        0.20886949612278563
      ]
    ],
    "type": "MSMM",
    "S_to_V": 0.8536856435618045,
    "V_to_S": 0.9567688567201399,
    "S___V": 0.1463143564381948
  },
  "press_television_admit_label": {
    "model": [
      [
        0.45462747777043105,
        0.3328871503304133,
        0.09457440253469329,
        0.11791096936446241
      ],
      [
        0.21071793435322841,
        0.4381887968240909,
        0.22101716322892787,
        0.13007610559375263
      ],
      [
        0.19186888909928126,
        0.16183812647047943,
        0.400564134485703,
        0.24572884994453617
      ],
      [
        0.14394869349799208,
        0.256588292451376,
        0.17710929963246091,
        0.422353714418171
      ]
    ],
    "type": "MSMS",
    "S_to_V": 0.8613921030764751,
    "V_to_S": 0.8893228955482967,
    "S___V": 0.1386078969235247
  },
  "press_television_admit_wipe": {
    "model": [
      [
        0.45462747777043105,
        0.3328871503304133,
        0.09457440253469329,
        0.11791096936446241
      ],
      [
        0.1997893518328637,
        0.39697947775877185,
        0.20635521262182824,
        0.19687595778653624
      ],
      [
        0.19186888909928126,
        0.16183812647047943,
        0.400564134485703,
        0.24572884994453617
      ],
      [
        0.15360833868106885,
        0.2811216161407977,
        0.15341449627974568,
        0.41185554889838777
      ]
    ],
    "type": "MSMS",
    "S_to_V": 0.8092542014907913,
    "V_to_S": 0.9008782705061226,
    "S___V": 0.1907457985092087
  },
  "press_television_label_wipe": {
    "model": [
      [
        0.21071793435322841,
        0.4381887968240909,
        0.22101716322892787,
        0.13007610559375263
      ],
      [
        0.1997893518328637,
        0.39697947775877185,
        0.20635521262182824,
        0.19687595778653624
      ],
      [
        0.14394869349799208,
        0.256588292451376,
        0.17710929963246091,
        0.422353714418171
      ],
      [
        0.15360833868106885,
        0.2811216161407977,
        0.15341449627974568,
        0.41185554889838777
      ]
    ],
    "type": "MSSS",
    "S_to_V": 0.947862098414316,
    "V_to_S": 0.8893228955482967,
    "S___V": 0.11067710445170409
  },
  "press_shower_bury_label": {
    "model": [
      [
        0.18252669645456024,
        0.4250710010319917,
        0.25100148296835606,
        0.14140081954509198
      ],
      [
        0.21071793435322841,
        0.4381887968240909,
        0.22101716322892787,
        0.13007610559375263
      ],
      [
        0.16258398880434452,
        0.2574792450632372,
        0.17479616727146371,
        0.40514059886095455
      ],
      [
        0.19464520986260114,
        0.2656368812347073,
        0.14385375494071145,
        0.39586415396198
      ]
    ],
    "type": "MSSS",
    "S_to_V": 0.9586909663092325,
    "V_to_S": 0.9038519766528919,
    "S___V": 0.09614802334710859
  },
  "press_trip_capture_conduct": {
    "model": [
      [
        0.2045316185213211,
        0.48708221412454816,
        0.15904331328473206,
        0.1493428540693987
      ],
      [
        0.43759497915225465,
        0.1403130225467687,
        0.18706694921865197,
        0.23502504908232463
      ],
      [
        0.1436822878918467,
        0.4479303988495165,
        0.1686569659915248,
        0.23973034726711198
      ],
      [
        0.3869865776179791,
        0.20490090950993556,
        0.2119066436832501,
        0.1962058691888352
      ]
    ],
    "type": "MMSM",
    "S_to_V": 0.8862941690531542,
    "V_to_S": 0.9487643220773182,
    "S___V": 0.11370583094684639
  },
  "press_volume_box_conduct": {
    "model": [
      [
        0.45064692790645133,
        0.1905533437561974,
        0.24335931143832615,
        0.11544041689902507
      ],
      [
        0.43759497915225465,
        0.1403130225467687,
        0.18706694921865197,
        0.23502504908232463
      ],
      [
        0.39081529581529584,
        0.16207912457912457,
        0.28340307840307843,
        0.16370250120250118
      ],
      [
        0.3112077750251125,
        0.17729673714658234,
        0.22909000511012895,
        0.2824054827181762
      ]
    ],
    "type": "MSMM",
    "S_to_V": 0.9356100917772745,
    "V_to_S": 0.9156358517643347,
    "S___V": 0.08436414823566563
  },
  "press_volume_box_file": {
    "model": [
      [
        0.45064692790645133,
        0.1905533437561974,
        0.24335931143832615,
        0.11544041689902507
      ],
      [
        0.42837492182366327,
        0.17147276788809968,
        0.13727326914123256,
        0.2628790411470045
      ],
      [
        0.39081529581529584,
        0.16207912457912457,
        0.28340307840307843,
        0.16370250120250118
      ],
      [
        0.502517191840331,
        0.13265834142824315,
        0.19762543213804484,
        0.1671990345933811
      ]
    ],
    "type": "MSMM",
    "S_to_V": 0.9177188871258463,
    "V_to_S": 0.86550556698652,
    "S___V": 0.13449443301348007
  },
  "press_volume_conduct_file": {
    "model": [
      [
        0.43759497915225465,
        0.1403130225467687,
        0.18706694921865197,
        0.23502504908232463
      ],
      [
        0.42837492182366327,
        0.17147276788809968,
        0.13727326914123256,
        0.2628790411470045
      ],
      [
        0.3112077750251125,
        0.17729673714658234,
        0.22909000511012895,
        0.2824054827181762
      ],
      [
        0.502517191840331,
        0.13265834142824315,
        0.19762543213804484,
        0.1671990345933811
      ]
    ],
    "type": "MSMM",
    "S_to_V": 0.8533289789031208,
    "V_to_S": 0.86550556698652,
    "S___V": 0.14667102109687802
  },
  "press_swallow_admit_bury": {
    "model": [
      [
        0.45462747777043105,
        0.3328871503304133,
        0.09457440253469329,
        0.11791096936446241
      ],
      [
        0.18252669645456024,
        0.4250710010319917,
        0.25100148296835606,
        0.14140081954509198
      ],
      [
        0.20573331974592474,
        0.2987771122434988,
        0.2836397814759159,
        0.21184978653466047
      ],
      [
        0.47677328015408516,
        0.24115340198157528,
        0.11192479530560026,
        0.1701485225587393
      ]
    ],
    "type": "MMMS",
    "S_to_V": 0.7865837498537631,
    "V_to_S": 0.8448301039632308,
    "S___V": 0.21341625014623666
  },
  "letter_press_admit_conduct": {
    "model": [
      [
        0.40945094360030415,
        0.2955158572033252,
        0.1410772124720974,
        0.15395598672427319
      ],
      [
        0.4398856269140291,
        0.2802727876810526,
        0.13839433704597257,
        0.14144724835894576
      ],
      [
        0.45462747777043105,
        0.3328871503304133,
        0.09457440253469329,
        0.11791096936446241
      ],
      [
        0.43759497915225465,
        0.1403130225467687,
        0.18706694921865197,
        0.23502504908232463
      ]
    ],
    "type": "SMMM",
    "S_to_V": 0.7903933735981792,
    "V_to_S": 0.9536180355890949,
    "S___V": 0.20960662640182015
  },
  "letter_press_admit_bury": {
    "model": [
      [
        0.40945094360030415,
        0.2955158572033252,
        0.1410772124720974,
        0.15395598672427319
      ],
      [
        0.13107423494380016,
        0.5313665368447977,
        0.12605205422596727,
        0.2115071739854349
      ],
      [
        0.45462747777043105,
        0.3328871503304133,
        0.09457440253469329,
        0.11791096936446241
      ],
      [
        0.18252669645456024,
        0.4250710010319917,
        0.25100148296835606,
        0.14140081954509198
      ]
    ],
    "type": "SMMS",
    "S_to_V": 0.8200830693857075,
    "V_to_S": 0.823598109746851,
    "S___V": 0.17991693061429204
  },
  "letter_press_bury_conduct": {
    "model": [
      [
        0.13107423494380016,
        0.5313665368447977,
        0.12605205422596727,
        0.2115071739854349
      ],
      [
        0.4398856269140291,
        0.2802727876810526,
        0.13839433704597257,
        0.14144724835894576
      ],
      [
        0.18252669645456024,
        0.4250710010319917,
        0.25100148296835606,
        0.14140081954509198
      ],
      [
        0.43759497915225465,
        0.1403130225467687,
        0.18706694921865197,
        0.23502504908232463
      ]
    ],
    "type": "SMSM",
    "S_to_V": 0.9422823571935162,
    "V_to_S": 0.823598109746851,
    "S___V": 0.17640189025314923
  },
  "letter_lunch_dice_throw": {
    "model": [
      [
        0.14522699522699525,
        0.5070002461306811,
        0.13663329424198992,
        0.211139464400334
      ],
      [
        0.15649330303563713,
        0.48324838598980485,
        0.12499532732713511,
        0.23526298364742304
      ],
      [
        0.3021056721056721,
        0.21284642893338546,
        0.2134582084582084,
        0.271589690502734
      ],
      [
        0.1522361765218908,
        0.26915563272706133,
        0.153848902420331,
        0.4247592883307169
      ]
    ],
    "type": "SSMS",
    "S_to_V": 0.9064397082098945,
    "V_to_S": 0.7662964089051045,
    "S___V": 0.23370359109489547
  },
  "letter_paper_conduct_grasp": {
    "model": [
      [
        0.4398856269140291,
        0.2802727876810526,
        0.13839433704597257,
        0.14144724835894576
      ],
      [
        0.10893791812052682,
        0.5792047681786814,
        0.1129176581872234,
        0.19893965551356854
      ],
      [
        0.1688760075150168,
        0.1990161917889472,
        0.44977177951047914,
        0.1823360211855568
      ],
      [
        0.1335185919343814,
        0.19206409125789933,
        0.11994854955845667,
        0.5544687672492626
      ]
    ],
    "type": "SSMS",
    "S_to_V": 0.9576904838883166,
    "V_to_S": 0.9596321769345055,
    "S___V": 0.04230951611168288
  },
  "letter_library_admit_bury": {
    "model": [
      [
        0.40945094360030415,
        0.2955158572033252,
        0.1410772124720974,
        0.15395598672427319
      ],
      [
        0.13107423494380016,
        0.5313665368447977,
        0.12605205422596727,
        0.2115071739854349
      ],
      [
        0.23310356196801207,
        0.4023471282908623,
        0.17698798501867558,
        0.18756132472245007
      ],
      [
        0.1636973422712553,
        0.3259292852075461,
        0.14690091647482947,
        0.3634724560463692
      ]
    ],
    "type": "SSMS",
    "S_to_V": 0.8541759372199269,
    "V_to_S": 0.8595633909142861,
    "S___V": 0.14582406278007332
  },
  "letter_volume_conduct_grasp": {
    "model": [
      [
        0.4398856269140291,
        0.2802727876810526,
        0.13839433704597257,
        0.14144724835894576
      ],
      [
        0.10893791812052682,
        0.5792047681786814,
        0.1129176581872234,
        0.19893965551356854
      ],
      [
        0.3112077750251125,
        0.17729673714658234,
        0.22909000511012895,
        0.2824054827181762
      ],
      [
        0.11258820459309728,
        0.5045537408792162,
        0.12138510327657442,
        0.26147295125111203
      ]
    ],
    "type": "SSMS",
    "S_to_V": 0.8713625666993814,
    "V_to_S": 0.9620178161752398,
    "S___V": 0.1286374333006195
  },
  "letter_swallow_admit_bury": {
    "model": [
      [
        0.40945094360030415,
        0.2955158572033252,
        0.1410772124720974,
        0.15395598672427319
      ],
      [
        0.13107423494380016,
        0.5313665368447977,
        0.12605205422596727,
        0.2115071739854349
      ],
      [
        0.20573331974592474,
        0.2987771122434988,
        0.2836397814759159,
        0.21184978653466047
      ],
      [
        0.47677328015408516,
        0.24115340198157528,
        0.11192479530560026,
        0.1701485225587393
      ]
    ],
    "type": "SMMS",
    "S_to_V": 0.7865837498537631,
    "V_to_S": 0.6684282137100819,
    "S___V": 0.33157178628991746
  },
  "letter_plant_admit_conduct": {
    "model": [
      [
        0.40945094360030415,
        0.2955158572033252,
        0.1410772124720974,
        0.15395598672427319
      ],
      [
        0.4398856269140291,
        0.2802727876810526,
        0.13839433704597257,
        0.14144724835894576
      ],
      [
        0.11756268585215955,
        0.18513411052884735,
        0.3227711743665691,
        0.37453202925242396
      ],
      [
        0.18257810736249286,
        0.25657060596333714,
        0.2948489380379271,
        0.26600234863624284
      ]
    ],
    "type": "SMMM",
    "S_to_V": 0.8635480830551769,
    "V_to_S": 0.889805704146327,
    "S___V": 0.13645191694482328
  },
  "letter_organ_admit_grasp": {
    "model": [
      [
        0.40945094360030415,
        0.2955158572033252,
        0.1410772124720974,
        0.15395598672427319
      ],
      [
        0.10893791812052682,
        0.5792047681786814,
        0.1129176581872234,
        0.19893965551356854
      ],
      [
        0.1630979710525165,
        0.40679467838558736,
        0.18526772049499324,
        0.24483963006690282
      ],
      [
        0.32090675202887475,
        0.2459021678953702,
        0.17253572525648178,
        0.26065535481927327
      ]
    ],
    "type": "SMMS",
    "S_to_V": 0.9831758854955787,
    "V_to_S": 0.7284130990223936,
    "S___V": 0.2715869009776051
  },
  "letter_line_admit_conduct": {
    "model": [
      [
        0.40945094360030415,
        0.2955158572033252,
        0.1410772124720974,
        0.15395598672427319
      ],
      [
        0.4398856269140291,
        0.2802727876810526,
        0.13839433704597257,
        0.14144724835894576
      ],
      [
        0.11717168901951512,
        0.21921134190475622,
        0.4267393619511585,
        0.23687760712457004
      ],
      [
        0.20070240286029759,
        0.30113237639553425,
        0.3157238200396095,
        0.18244140070455864
      ]
    ],
    "type": "SSMM",
    "S_to_V": 0.8345482516684394,
    "V_to_S": 0.9381462589399053,
    "S___V": 0.16545174833156118
  },
  "letter_line_admit_bury": {
    "model": [
      [
        0.40945094360030415,
        0.2955158572033252,
        0.1410772124720974,
        0.15395598672427319
      ],
      [
        0.13107423494380016,
        0.5313665368447977,
        0.12605205422596727,
        0.2115071739854349
      ],
      [
        0.11717168901951512,
        0.21921134190475622,
        0.4267393619511585,
        0.23687760712457004
      ],
      [
        0.19932218837396184,
        0.24920184882284427,
        0.15751588916634685,
        0.3939600736368471
      ]
    ],
    "type": "SSMS",
    "S_to_V": 0.8878589937274651,
    "V_to_S": 0.9002882116294587,
    "S___V": 0.11214100627253476
  },
  "letter_line_bury_conduct": {
    "model": [
      [
        0.13107423494380016,
        0.5313665368447977,
        0.12605205422596727,
        0.2115071739854349
      ],
      [
        0.4398856269140291,
        0.2802727876810526,
        0.13839433704597257,
        0.14144724835894576
      ],
      [
        0.19932218837396184,
        0.24920184882284427,
        0.15751588916634685,
        0.3939600736368471
      ],
      [
        0.20070240286029759,
        0.30113237639553425,
        0.3157238200396095,
        0.18244140070455864
      ]
    ],
    "type": "SSSM",
    "S_to_V": 0.9422823571935162,
    "V_to_S": 0.9002882116294587,
    "S___V": 0.09971178837054095
  },
  "letter_tin_dice_throw": {
    "model": [
      [
        0.14522699522699525,
        0.5070002461306811,
        0.13663329424198992,
        0.211139464400334
      ],
      [
        0.15649330303563713,
        0.48324838598980485,
        0.12499532732713511,
        0.23526298364742304
      ],
      [
        0.3643792872373435,
        0.19048818650800747,
        0.24718835618771678,
        0.19794417006693218
      ],
      [
        0.21989402290923357,
        0.2715977113776279,
        0.2296795758197023,
        0.2788286898934361
      ]
    ],
    "type": "SSMS",
    "S_to_V": 0.9366242605415104,
    "V_to_S": 0.6702926460439247,
    "S___V": 0.32970735395607487
  },
  "letter_tin_bury_dice": {
    "model": [
      [
        0.13107423494380016,
        0.5313665368447977,
        0.12605205422596727,
        0.2115071739854349
      ],
      [
        0.14522699522699525,
        0.5070002461306811,
        0.13663329424198992,
        0.211139464400334
      ],
      [
        0.2018864946855377,
        0.22091322154719284,
        0.2555558954602017,
        0.3216443883070677
      ],
      [
        0.3643792872373435,
        0.19048818650800747,
        0.24718835618771678,
        0.19794417006693218
      ]
    ],
    "type": "SSSM",
    "S_to_V": 0.8679322424873794,
    "V_to_S": 0.6702926460439247,
    "S___V": 0.3297073539560751
  },
  "letter_tin_bury_throw": {
    "model": [
      [
        0.13107423494380016,
        0.5313665368447977,
        0.12605205422596727,
        0.2115071739854349
      ],
      [
        0.15649330303563713,
        0.48324838598980485,
        0.12499532732713511,
        0.23526298364742304
      ],
      [
        0.2018864946855377,
        0.22091322154719284,
        0.2555558954602017,
        0.3216443883070677
      ],
      [
        0.21989402290923357,
        0.2715977113776279,
        0.2296795758197023,
        0.2788286898934361
      ]
    ],
    "type": "SSSS",
    "S_to_V": 0.9313079819458692,
    "V_to_S": 0.799683899024028,
    "S___V": 0.20031610097597286
  },
  "pitcher_swallow_bury_catch": {
    "model": [
      [
        0.15123353096179182,
        0.1685168877608136,
        0.33834476209236436,
        0.3419048191850302
      ],
      [
        0.18915904053320937,
        0.15938482483699876,
        0.3641445046570367,
        0.2873116299727553
      ],
      [
        0.47677328015408516,
        0.24115340198157528,
        0.11192479530560026,
        0.1701485225587393
      ],
      [
        0.42759419049464814,
        0.3005529346490444,
        0.10906215362737103,
        0.16279072122893634
      ]
    ],
    "type": "MMSS",
    "S_to_V": 0.9712065533523974,
    "V_to_S": 0.9008802175944707,
    "S___V": 0.09911978240552877
  },
  "lunch_wheat_label_throw": {
    "model": [
      [
        0.2437369430124175,
        0.2620031264707534,
        0.18241534190820768,
        0.31184458860862146
      ],
      [
        0.1522361765218908,
        0.26915563272706133,
        0.153848902420331,
        0.4247592883307169
      ],
      [
        0.23327123826119078,
        0.270416250112085,
        0.23826077253643932,
        0.25805173909028495
      ],
      [
        0.18601066053511708,
        0.3688964869671391,
        0.12421713250517602,
        0.3208757199925678
      ]
    ],
    "type": "SSSS",
    "S_to_V": 0.9156517397657813,
    "V_to_S": 0.954620274122995,
    "S___V": 0.08434826023421937
  },
  "lunch_perch_dice_label": {
    "model": [
      [
        0.3021056721056721,
        0.21284642893338546,
        0.2134582084582084,
        0.271589690502734
      ],
      [
        0.2437369430124175,
        0.2620031264707534,
        0.18241534190820768,
        0.31184458860862146
      ],
      [
        0.22277826165698017,
        0.33552820939548633,
        0.18516768382901105,
        0.25652584511852244
      ],
      [
        0.23358826114024603,
        0.2798940504989655,
        0.1899188870360893,
        0.29659880132469923
      ]
    ],
    "type": "SMMS",
    "S_to_V": 0.9551758405867449,
    "V_to_S": 0.8923820649221108,
    "S___V": 0.10761793507788986
  },
  "lunch_tin_dice_throw": {
    "model": [
      [
        0.3021056721056721,
        0.21284642893338546,
        0.2134582084582084,
        0.271589690502734
      ],
      [
        0.1522361765218908,
        0.26915563272706133,
        0.153848902420331,
        0.4247592883307169
      ],
      [
        0.3643792872373435,
        0.19048818650800747,
        0.24718835618771678,
        0.19794417006693218
      ],
      [
        0.21989402290923357,
        0.2715977113776279,
        0.2296795758197023,
        0.2788286898934361
      ]
    ],
    "type": "SSMS",
    "S_to_V": 0.9064397082098945,
    "V_to_S": 0.8565114802132858,
    "S___V": 0.1434885197867144
  },
  "iron_pen_clean_launch": {
    "model": [
      [
        0.2609406700899018,
        0.21210737848095307,
        0.28881725448389867,
        0.23813469694524636
      ],
      [
        0.33849659892150014,
        0.20403222162115445,
        0.23640096728041396,
        0.22107021217693157
      ],
      [
        0.33111286569181303,
        0.3405308964914228,
        0.18719676351913195,
        0.14115947429763218
      ],
      [
        0.23760604371473942,
        0.36688326407891636,
        0.16964914554044988,
        0.22586154666589453
      ]
    ],
    "type": "SMSS",
    "S_to_V": 0.9305192280282002,
    "V_to_S": 0.8323576230532751,
    "S___V": 0.16764237694672568
  },
  "iron_press_admit_label": {
    "model": [
      [
        0.19137445887445892,
        0.3917821067821068,
        0.16678210678210678,
        0.2500613275613276
      ],
      [
        0.2783487064465326,
        0.19731943780856823,
        0.37002205322857495,
        0.15430980251632426
      ],
      [
        0.45462747777043105,
        0.3328871503304133,
        0.09457440253469329,
        0.11791096936446241
      ],
      [
        0.21071793435322841,
        0.4381887968240909,
        0.22101716322892787,
        0.13007610559375263
      ]
    ],
    "type": "SMMS",
    "S_to_V": 0.8613921030764751,
    "V_to_S": 0.7833643379070487,
    "S___V": 0.2251674534227237
  },
  "iron_paper_charge_launch": {
    "model": [
      [
        0.1272111111111111,
        0.4064703407703408,
        0.11658888888888891,
        0.34972965922965926
      ],
      [
        0.33849659892150014,
        0.20403222162115445,
        0.23640096728041396,
        0.22107021217693157
      ],
      [
        0.19496742811039486,
        0.12415969858501827,
        0.5753301016687207,
        0.10554277163586624
      ],
      [
        0.17555017084613933,
        0.23455997245302665,
        0.160205610426451,
        0.4296842462743829
      ]
    ],
    "type": "SSMS",
    "S_to_V": 0.909016983396247,
    "V_to_S": 0.47350247022088454,
    "S___V": 0.5264975297791161
  },
  "iron_television_admit_label": {
    "model": [
      [
        0.19137445887445892,
        0.3917821067821068,
        0.16678210678210678,
        0.2500613275613276
      ],
      [
        0.2783487064465326,
        0.19731943780856823,
        0.37002205322857495,
        0.15430980251632426
      ],
      [
        0.19186888909928126,
        0.16183812647047943,
        0.400564134485703,
        0.24572884994453617
      ],
      [
        0.14394869349799208,
        0.256588292451376,
        0.17710929963246091,
        0.422353714418171
      ]
    ],
    "type": "SSMS",
    "S_to_V": 0.8925115785985351,
    "V_to_S": 0.6726872334553454,
    "S___V": 0.32731276654465447
  },
  "iron_message_charge_clean": {
    "model": [
      [
        0.1272111111111111,
        0.4064703407703408,
        0.11658888888888891,
        0.34972965922965926
      ],
      [
        0.2609406700899018,
        0.21210737848095307,
        0.28881725448389867,
        0.23813469694524636
      ],
      [
        0.35940132194274077,
        0.12141579925287019,
        0.40459665348635604,
        0.11458622531803309
      ],
      [
        0.10514339826839825,
        0.38633477633477636,
        0.12586670274170275,
        0.3826551226551227
      ]
    ],
    "type": "SSMS",
    "S_to_V": 0.9393665966894029,
    "V_to_S": 0.47980202457090315,
    "S___V": 0.5201979754290971
  },
  "iron_punch_clean_leak": {
    "model": [
      [
        0.2609406700899018,
        0.21210737848095307,
        0.28881725448389867,
        0.23813469694524636
      ],
      [
        0.31711980521054245,
        0.12587922474500926,
        0.42638811514047814,
        0.13061285490397023
      ],
      [
        0.18163908936220152,
        0.4553140707817482,
        0.1503623799604921,
        0.21268445989555831
      ],
      [
        0.18939213564213564,
        0.14997113997113995,
        0.5331222943722943,
        0.12751443001443002
      ]
    ],
    "type": "SMSS",
    "S_to_V": 0.7024101154693259,
    "V_to_S": 0.7822435447488928,
    "S___V": 0.2975898845306739
  },
  "iron_plant_admit_launch": {
    "model": [
      [
        0.19137445887445892,
        0.3917821067821068,
        0.16678210678210678,
        0.2500613275613276
      ],
      [
        0.33849659892150014,
        0.20403222162115445,
        0.23640096728041396,
        0.22107021217693157
      ],
      [
        0.11756268585215955,
        0.18513411052884735,
        0.3227711743665691,
        0.37453202925242396
      ],
      [
        0.18523392730420593,
        0.2004712854053411,
        0.2799015146875828,
        0.33439327260287016
      ]
    ],
    "type": "SMMS",
    "S_to_V": 0.9169915836714599,
    "V_to_S": 0.8902378757898745,
    "S___V": 0.10976212421012543
  },
  "iron_line_admit_clean": {
    "model": [
      [
        0.19137445887445892,
        0.3917821067821068,
        0.16678210678210678,
        0.2500613275613276
      ],
      [
        0.2609406700899018,
        0.21210737848095307,
        0.28881725448389867,
        0.23813469694524636
      ],
      [
        0.11717168901951512,
        0.21921134190475622,
        0.4267393619511585,
        0.23687760712457004
      ],
      [
        0.1812929292929293,
        0.2664025974025974,
        0.13399933399933403,
        0.41830513930513935
      ]
    ],
    "type": "SSMS",
    "S_to_V": 0.8886875042287445,
    "V_to_S": 0.7655343387184625,
    "S___V": 0.23446566128153745
  },
  "iron_tin_clean_launch": {
    "model": [
      [
        0.2609406700899018,
        0.21210737848095307,
        0.28881725448389867,
        0.23813469694524636
      ],
      [
        0.33849659892150014,
        0.20403222162115445,
        0.23640096728041396,
        0.22107021217693157
      ],
      [
        0.3136021650015489,
        0.2167636212698408,
        0.23741233530090772,
        0.23222187842770267
      ],
      [
        0.2518928495311168,
        0.2508646554575796,
        0.22846730879552704,
        0.2687751862157766
      ]
    ],
    "type": "SSSS",
    "S_to_V": 0.9305192280282002,
    "V_to_S": 0.9054625921247298,
    "S___V": 0.0945374078752712
  },
  "paper_pen_bore_launch": {
    "model": [
      [
        0.2143338675816937,
        0.12651881307098697,
        0.5085774100295839,
        0.15056990931773542
      ],
      [
        0.17555017084613933,
        0.23455997245302665,
        0.160205610426451,
        0.4296842462743829
      ],
      [
        0.22477781735173039,
        0.47481790769616855,
        0.13386138113094634,
        0.1665428938211547
      ],
      [
        0.23760604371473942,
        0.36688326407891636,
        0.16964914554044988,
        0.22586154666589453
      ]
    ],
    "type": "SMMS",
    "S_to_V": 0.9048935827457566,
    "V_to_S": 0.6357279208713991,
    "S___V": 0.36427207912860093
  },
  "paper_pen_bore_tap": {
    "model": [
      [
        0.2143338675816937,
        0.12651881307098697,
        0.5085774100295839,
        0.15056990931773542
      ],
      [
        0.30305007341692125,
        0.14638253956188738,
        0.27878232727417507,
        0.27178505974701633
      ],
      [
        0.22477781735173039,
        0.47481790769616855,
        0.13386138113094634,
        0.1665428938211547
      ],
      [
        0.41141982721266607,
        0.30060714393355065,
        0.15428183253470978,
        0.13369119631907356
      ]
    ],
    "type": "SMMM",
    "S_to_V": 0.891420067673872,
    "V_to_S": 0.6357279208713991,
    "S___V": 0.36427207912860027
  },
  "paper_pen_bore_rule": {
    "model": [
      [
        0.2143338675816937,
        0.12651881307098697,
        0.5085774100295839,
        0.15056990931773542
      ],
      [
        0.23131493627145802,
        0.15369807004589617,
        0.1842951396429657,
        0.4306918540396802
      ],
      [
        0.22477781735173039,
        0.47481790769616855,
        0.13386138113094634,
        0.1665428938211547
      ],
      [
        0.4610472634005142,
        0.17393440910654534,
        0.17794667241942783,
        0.18707165507351264
      ]
    ],
    "type": "SMMM",
    "S_to_V": 0.9353859474591605,
    "V_to_S": 0.6357279208713991,
    "S___V": 0.3642720791286007
  },
  "paper_pen_launch_tap": {
    "model": [
      [
        0.17555017084613933,
        0.23455997245302665,
        0.160205610426451,
        0.4296842462743829
      ],
      [
        0.30305007341692125,
        0.14638253956188738,
        0.27878232727417507,
        0.27178505974701633
      ],
      [
        0.23760604371473942,
        0.36688326407891636,
        0.16964914554044988,
        0.22586154666589453
      ],
      [
        0.41141982721266607,
        0.30060714393355065,
        0.15428183253470978,
        0.13369119631907356
      ]
    ],
    "type": "SMSM",
    "S_to_V": 0.892462336647439,
    "V_to_S": 0.9285005920174011,
    "S___V": 0.10753766335256087
  },
  "paper_pen_launch_rule": {
    "model": [
      [
        0.17555017084613933,
        0.23455997245302665,
        0.160205610426451,
        0.4296842462743829
      ],
      [
        0.23131493627145802,
        0.15369807004589617,
        0.1842951396429657,
        0.4306918540396802
      ],
      [
        0.23760604371473942,
        0.36688326407891636,
        0.16964914554044988,
        0.22586154666589453
      ],
      [
        0.4610472634005142,
        0.17393440910654534,
        0.17794667241942783,
        0.18707165507351264
      ]
    ],
    "type": "SMSM",
    "S_to_V": 0.969507635286596,
    "V_to_S": 0.7766161400944815,
    "S___V": 0.22338385990551934
  },
  "paper_pen_rule_tap": {
    "model": [
      [
        0.23131493627145802,
        0.15369807004589617,
        0.1842951396429657,
        0.4306918540396802
      ],
      [
        0.30305007341692125,
        0.14638253956188738,
        0.27878232727417507,
        0.27178505974701633
      ],
      [
        0.4610472634005142,
        0.17393440910654534,
        0.17794667241942783,
        0.18707165507351264
      ],
      [
        0.41141982721266607,
        0.30060714393355065,
        0.15428183253470978,
        0.13369119631907356
      ]
    ],
    "type": "SMMM",
    "S_to_V": 0.9229547013608429,
    "V_to_S": 0.7766161400944815,
    "S___V": 0.22338385990551934
  },
  "paper_press_conduct_file": {
    "model": [
      [
        0.1688760075150168,
        0.1990161917889472,
        0.44977177951047914,
