{
  "box_conduct_press_volume": {
    "model": [
      [
        0.26212192121603883,
        0.3245571245747716,
        0.23157218663689252,
        0.18174876757229697
      ],
      [
        0.3943062723698879,
        0.2193818786349678,
        0.1918554769664609,
        0.19445637202868324
      ],
      [
        0.2683330274920933,
        0.2850688384483108,
        0.2143004601028561,
        0.23229767395673975
      ],
      [
        0.2782241068549133,
        0.25674176380875163,
        0.2206953349628062,
        0.24433879437352898
      ]
    ],
    "type": "MMMS",
    "V_to_O": 0.9729908947859546,
    "O_to_V": 0.9127576924813705,
    "V___O": 0.0872423075186286
  },
  "box_conduct_line_press": {
    "model": [
      [
        0.22583929319248677,
        0.2981276614383358,
        0.24954345582626639,
        0.226489589542911
      ],
      [
        0.26212192121603883,
        0.3245571245747716,
        0.23157218663689252,
        0.18174876757229697
      ],
      [
        0.21736822716072113,
        0.35327631870087967,
        0.21492153562923522,
        0.21443391850916416
      ],
      [
        0.2683330274920933,
        0.2850688384483108,
        0.2143004601028561,
        0.23229767395673975
      ]
    ],
    "type": "MMSM",
    "V_to_O": 0.9372879088400121,
    "O_to_V": 0.956907013771203,
    "V___O": 0.06271209115998788
  },
  "box_conduct_line_volume": {
    "model": [
      [
        0.22583929319248677,
        0.2981276614383358,
        0.24954345582626639,
        0.226489589542911
      ],
      [
        0.3943062723698879,
        0.2193818786349678,
        0.1918554769664609,
        0.19445637202868324
      ],
      [
        0.21736822716072113,
        0.35327631870087967,
        0.21492153562923522,
        0.21443391850916416
      ],
      [
        0.2782241068549133,
        0.25674176380875163,
        0.2206953349628062,
        0.24433879437352898
      ]
    ],
    "type": "MMSS",
    "V_to_O": 0.9102788036259666,
    "O_to_V": 0.9127576924813705,
    "V___O": 0.0897211963740343
  },
  "box_pen_boxer_organ": {
    "model": [
      [
        0.20248151629558278,
        0.2550377092075302,
        0.3290988585157383,
        0.21338191598114875
      ],
      [
        0.3191966743117639,
        0.3130089007326859,
        0.1825735262180275,
        0.18522089873752276
      ],
      [
        0.2596459887938149,
        0.19719941025158416,
        0.2524126887605148,
        0.29074191219408607
      ],
      [
        0.1805312677660504,
        0.27586005878179787,
        0.259465611683003,
        0.2841430617691487
      ]
    ],
    "type": "MMMM",
    "V_to_O": 0.8253136504586632,
    "O_to_V": 0.9382266789192619,
    "V___O": 0.17468634954133666
  },
  "box_label_press_television": {
    "model": [
      [
        0.26212192121603883,
        0.3245571245747716,
        0.23157218663689252,
        0.18174876757229697
      ],
      [
        0.3871385036674039,
        0.2066945435354642,
        0.20624210810502372,
        0.1999248446921081
      ],
      [
        0.2091884106799708,
        0.2480446801848336,
        0.3171479732543671,
        0.2256189358808285
      ],
      [
        0.27528596816902107,
        0.223051545368627,
        0.24391033471845155,
        0.2577521517439003
      ]
    ],
    "type": "MSMS",
    "V_to_O": 0.9588955773271561,
    "O_to_V": 0.925815691115045,
    "V___O": 0.07418430888495608
  },
  "box_capture_boxer_press": {
    "model": [
      [
        0.20248151629558278,
        0.2550377092075302,
        0.3290988585157383,
        0.21338191598114875
      ],
      [
        0.26212192121603883,
        0.3245571245747716,
        0.23157218663689252,
        0.18174876757229697
      ],
      [
        0.24621064406346413,
        0.27636169043860526,
        0.24410888536539369,
        0.2333187801325371
      ],
      [
        0.2865054400020345,
        0.2535639335552648,
        0.2731911057638612,
        0.18673952067883956
      ]
    ],
    "type": "MSMM",
    "V_to_O": 0.8708401797123025,
    "O_to_V": 0.9339975620870357,
    "V___O": 0.12915982028769668
  },
  "box_grasp_organ_volume": {
    "model": [
      [
        0.3191966743117639,
        0.3130089007326859,
        0.1825735262180275,
        0.18522089873752276
      ],
      [
        0.3943062723698879,
        0.2193818786349678,
        0.1918554769664609,
        0.19445637202868324
      ],
      [
        0.24881730537980537,
        0.27015148046398046,
        0.2261039886039886,
        0.2549272255522255
      ],
      [
        0.27593325667467544,
        0.18294019646765647,
        0.27543168222573255,
        0.2656948646319356
      ]
    ],
    "type": "MSMS",
    "V_to_O": 0.9399046672985459,
    "O_to_V": 0.965203189564059,
    "V___O": 0.06009533270145573
  },
  "box_reflect_boxer_volume": {
    "model": [
      [
        0.20248151629558278,
        0.2550377092075302,
        0.3290988585157383,
        0.21338191598114875
      ],
      [
        0.3943062723698879,
        0.2193818786349678,
        0.1918554769664609,
        0.19445637202868324
      ],
      [
        0.22962316290321408,
        0.23388985919356764,
        0.30616705805324734,
        0.23031991984997102
      ],
      [
        0.26362869210682677,
        0.18250475695328636,
        0.2817169092517389,
        0.27214964168814787
      ]
    ],
    "type": "MSMS",
    "V_to_O": 0.843831074498257,
    "O_to_V": 0.9591838520222169,
    "V___O": 0.15616892550174333
  },
  "box_reflect_boxer_organ": {
    "model": [
      [
        0.20248151629558278,
        0.2550377092075302,
        0.3290988585157383,
        0.21338191598114875
      ],
      [
        0.3191966743117639,
        0.3130089007326859,
        0.1825735262180275,
        0.18522089873752276
      ],
      [
        0.22962316290321408,
        0.23388985919356764,
        0.30616705805324734,
        0.23031991984997102
      ],
      [
        0.2396624128689346,
        0.306948127858454,
        0.2219263124154428,
        0.23146314685716854
      ]
    ],
    "type": "MSMM",
    "V_to_O": 0.8253136504586632,
    "O_to_V": 0.959818524754586,
    "V___O": 0.1746863495413371
  },
  "box_reflect_boxer_line": {
    "model": [
      [
        0.20248151629558278,
        0.2550377092075302,
        0.3290988585157383,
        0.21338191598114875
      ],
      [
        0.22583929319248677,
        0.2981276614383358,
        0.24954345582626639,
        0.226489589542911
      ],
      [
        0.22962316290321408,
        0.23388985919356764,
        0.30616705805324734,
        0.23031991984997102
      ],
      [
        0.277871527781233,
        0.20349648117396135,
        0.24370574788876043,
        0.2749262431560453
      ]
    ],
    "type": "MSMS",
    "V_to_O": 0.9335522708722904,
    "O_to_V": 0.9538054733487598,
    "V___O": 0.06644772912770969
  },
  "box_reflect_organ_volume": {
    "model": [
      [
        0.3191966743117639,
        0.3130089007326859,
        0.1825735262180275,
        0.18522089873752276
      ],
      [
        0.3943062723698879,
        0.2193818786349678,
        0.1918554769664609,
        0.19445637202868324
      ],
      [
        0.2396624128689346,
        0.306948127858454,
        0.2219263124154428,
        0.23146314685716854
      ],
      [
        0.26362869210682677,
        0.18250475695328636,
        0.2817169092517389,
        0.27214964168814787
      ]
    ],
    "type": "MSMS",
    "V_to_O": 0.8995229083327245,
    "O_to_V": 0.9591838520222169,
    "V___O": 0.1004770916672757
  },
  "box_reflect_line_volume": {
    "model": [
      [
        0.22583929319248677,
        0.2981276614383358,
        0.24954345582626639,
        0.226489589542911
      ],
      [
        0.3943062723698879,
        0.2193818786349678,
        0.1918554769664609,
        0.19445637202868324
      ],
      [
        0.277871527781233,
        0.20349648117396135,
        0.24370574788876043,
        0.2749262431560453
      ],
      [
        0.26362869210682677,
        0.18250475695328636,
        0.2817169092517389,
        0.27214964168814787
      ]
    ],
    "type": "MSSS",
    "V_to_O": 0.9102788036259666,
    "O_to_V": 0.9538054733487598,
    "V___O": 0.08972119637403253
  },
  "box_reflect_line_organ": {
    "model": [
      [
        0.22583929319248677,
        0.2981276614383358,
        0.24954345582626639,
        0.226489589542911
      ],
      [
        0.3191966743117639,
        0.3130089007326859,
        0.1825735262180275,
        0.18522089873752276
      ],
      [
        0.277871527781233,
        0.20349648117396135,
        0.24370574788876043,
        0.2749262431560453
      ],
      [
        0.2396624128689346,
        0.306948127858454,
        0.2219263124154428,
        0.23146314685716854
      ]
    ],
    "type": "MSSM",
    "V_to_O": 0.8917613795863728,
    "O_to_V": 0.9538054733487598,
    "V___O": 0.1082386204136272
  },
  "box_file_press_volume": {
    "model": [
      [
        0.26212192121603883,
        0.3245571245747716,
        0.23157218663689252,
        0.18174876757229697
      ],
      [
        0.3943062723698879,
        0.2193818786349678,
        0.1918554769664609,
        0.19445637202868324
      ],
      [
        0.323994375615859,
        0.22389417374327863,
        0.1996204610961644,
        0.25249098954469795
      ],
      [
        0.36055936740604944,
        0.22143266306538617,
        0.23154988388169162,
        0.18645808564687283
      ]
    ],
    "type": "MMMS",
    "V_to_O": 0.965896518887702,
    "O_to_V": 0.970079271140908,
    "V___O": 0.03410348111229755
  },
  "box_bury_chicken_press": {
    "model": [
      [
        0.3085326907578893,
        0.3364238762986912,
        0.19178455940792727,
        0.16325887353549218
      ],
      [
        0.26212192121603883,
        0.3245571245747716,
        0.23157218663689252,
        0.18174876757229697
      ],
      [
        0.3031474991812453,
        0.29159948685645276,
        0.20402885700470835,
        0.20122415695759352
      ],
      [
        0.21766207126207124,
        0.29552789432789434,
        0.28595402375402373,
        0.20085601065601064
      ]
    ],
    "type": "MSSM",
    "V_to_O": 0.9184429795522674,
    "O_to_V": 0.9900780128368364,
    "V___O": 0.08155702044773294
  },
  "box_bury_chicken_line": {
    "model": [
      [
        0.3085326907578893,
        0.3364238762986912,
        0.19178455940792727,
        0.16325887353549218
      ],
      [
        0.22583929319248677,
        0.2981276614383358,
        0.24954345582626639,
        0.226489589542911
      ],
      [
        0.3031474991812453,
        0.29159948685645276,
        0.20402885700470835,
        0.20122415695759352
      ],
      [
        0.2928085794001396,
        0.21067135808209975,
        0.2350011016264213,
        0.26151896089133936
      ]
    ],
    "type": "MSSS",
    "V_to_O": 0.8790103875742421,
    "O_to_V": 0.9475730679921923,
    "V___O": 0.1209896124257579
  },
  "box_bury_line_press": {
    "model": [
      [
        0.22583929319248677,
        0.2981276614383358,
        0.24954345582626639,
        0.226489589542911
      ],
      [
        0.26212192121603883,
        0.3245571245747716,
        0.23157218663689252,
        0.18174876757229697
      ],
      [
        0.2928085794001396,
        0.21067135808209975,
        0.2350011016264213,
        0.26151896089133936
      ],
      [
        0.21766207126207124,
        0.29552789432789434,
        0.28595402375402373,
        0.20085601065601064
      ]
    ],
    "type": "MSSM",
    "V_to_O": 0.9372879088400121,
    "O_to_V": 0.9475730679921923,
    "V___O": 0.0627120911599881
  },
  "box_wipe_press_television": {
    "model": [
      [
        0.26212192121603883,
        0.3245571245747716,
        0.23157218663689252,
        0.18174876757229697
      ],
      [
        0.3871385036674039,
        0.2066945435354642,
        0.20624210810502372,
        0.1999248446921081
      ],
      [
        0.21586522058429444,
        0.3132640846985981,
        0.23728513468404433,
        0.23358556003306308
      ],
      [
        0.3323159190161478,
        0.1890883530402981,
        0.2350802248857169,
        0.24351550305783715
      ]
    ],
    "type": "MSMS",
    "V_to_O": 0.9922749667735532,
    "O_to_V": 0.9594562474154072,
    "V___O": 0.04054375258459153
  },
  "box_wipe_line_press": {
    "model": [
      [
        0.22583929319248677,
        0.2981276614383358,
        0.24954345582626639,
        0.226489589542911
      ],
      [
        0.26212192121603883,
        0.3245571245747716,
        0.23157218663689252,
        0.18174876757229697
      ],
      [
        0.2836096710951587,
        0.21627825612926233,
        0.23400975296776383,
        0.2661023198078151
      ],
      [
        0.21586522058429444,
        0.3132640846985981,
        0.23728513468404433,
        0.23358556003306308
      ]
    ],
    "type": "MSSM",
    "V_to_O": 0.9372879088400121,
    "O_to_V": 0.9577633249558306,
    "V___O": 0.0627120911599881
  },
  "box_wipe_line_television": {
    "model": [
      [
        0.22583929319248677,
        0.2981276614383358,
        0.24954345582626639,
        0.226489589542911
      ],
      [
        0.3871385036674039,
        0.2066945435354642,
        0.20624210810502372,
        0.1999248446921081
      ],
      [
        0.2836096710951587,
        0.21627825612926233,
        0.23400975296776383,
        0.2661023198078151
      ],
      [
        0.3323159190161478,
        0.1890883530402981,
        0.2350802248857169,
        0.24351550305783715
      ]
    ],
    "type": "MSSS",
    "V_to_O": 0.9301339074279544,
    "O_to_V": 0.9577633249558306,
    "V___O": 0.06986609257204623
  },
  "box_cast_chicken_volume": {
    "model": [
      [
        0.3085326907578893,
        0.3364238762986912,
        0.19178455940792727,
        0.16325887353549218
      ],
      [
        0.3943062723698879,
        0.2193818786349678,
        0.1918554769664609,
        0.19445637202868324
      ],
      [
        0.32597498026177024,
        0.23019471656548482,
        0.2353629181565731,
        0.20846738501617187
      ],
      [
        0.2340705163395381,
        0.20202125772777946,
        0.3393754117259553,
        0.22453281420672724
      ]
    ],
    "type": "MMSS",
    "V_to_O": 0.8799220772400623,
    "O_to_V": 0.9389793517474733,
    "V___O": 0.120077922759938
  },
  "box_cast_chicken_organ": {
    "model": [
      [
        0.3085326907578893,
        0.3364238762986912,
        0.19178455940792727,
        0.16325887353549218
      ],
      [
        0.3191966743117639,
        0.3130089007326859,
        0.1825735262180275,
        0.18522089873752276
      ],
      [
        0.32597498026177024,
        0.23019471656548482,
        0.2353629181565731,
        0.20846738501617187
      ],
      [
        0.20830081736251807,
        0.24442928554821133,
        0.26313219194133514,
        0.2841377051479353
      ]
    ],
    "type": "MMSM",
    "V_to_O": 0.8965604060834743,
    "O_to_V": 0.9389793517474733,
    "V___O": 0.1034395939165258
  },
  "box_cast_chicken_line": {
    "model": [
      [
        0.3085326907578893,
        0.3364238762986912,
        0.19178455940792727,
        0.16325887353549218
      ],
      [
        0.22583929319248677,
        0.2981276614383358,
        0.24954345582626639,
        0.226489589542911
      ],
      [
        0.32597498026177024,
        0.23019471656548482,
        0.2353629181565731,
        0.20846738501617187
      ],
      [
        0.19576399678752618,
        0.2627007639419404,
        0.3122930768577828,
        0.2292421624127506
      ]
    ],
    "type": "MMSS",
    "V_to_O": 0.8790103875742421,
    "O_to_V": 0.9389793517474733,
    "V___O": 0.12098961242575879
  },
  "box_cast_organ_volume": {
    "model": [
      [
        0.3191966743117639,
        0.3130089007326859,
        0.1825735262180275,
        0.18522089873752276
      ],
      [
        0.3943062723698879,
        0.2193818786349678,
        0.1918554769664609,
        0.19445637202868324
      ],
      [
        0.20830081736251807,
        0.24442928554821133,
        0.26313219194133514,
        0.2841377051479353
      ],
      [
        0.2340705163395381,
        0.20202125772777946,
        0.3393754117259553,
        0.22453281420672724
      ]
    ],
    "type": "MMMS",
    "V_to_O": 0.981482575960406,
    "O_to_V": 0.9696628087740619,
    "V___O": 0.03033719122593803
  },
  "box_cast_line_volume": {
    "model": [
      [
        0.22583929319248677,
        0.2981276614383358,
        0.24954345582626639,
        0.226489589542911
      ],
      [
        0.3943062723698879,
        0.2193818786349678,
        0.1918554769664609,
        0.19445637202868324
      ],
      [
        0.19576399678752618,
        0.2627007639419404,
        0.3122930768577828,
        0.2292421624127506
      ],
      [
        0.2340705163395381,
        0.20202125772777946,
        0.3393754117259553,
        0.22453281420672724
      ]
    ],
    "type": "MMSS",
    "V_to_O": 0.9102788036259666,
    "O_to_V": 0.9673256753734443,
    "V___O": 0.0897211963740332
  },
  "box_cast_line_organ": {
    "model": [
      [
        0.22583929319248677,
        0.2981276614383358,
        0.24954345582626639,
        0.226489589542911
      ],
      [
        0.3191966743117639,
        0.3130089007326859,
        0.1825735262180275,
        0.18522089873752276
      ],
      [
        0.19576399678752618,
        0.2627007639419404,
        0.3122930768577828,
        0.2292421624127506
      ],
      [
        0.20830081736251807,
        0.24442928554821133,
        0.26313219194133514,
        0.2841377051479353
      ]
    ],
    "type": "MMSM",
    "V_to_O": 0.8917613795863728,
    "O_to_V": 0.9673256753734443,
    "V___O": 0.10823862041362675
  },
  "bore_conduct_paper_plant": {
    "model": [
      [
        0.18760260472216997,
        0.22747316592425293,
        0.2890195301880085,
        0.2959046991655687
      ],
      [
        0.17968759625569086,
        0.2058157990063361,
        0.32269246187884304,
        0.2918041428591301
      ],
      [
        0.27076947046761285,
        0.3229433101656399,
        0.20992488000905182,
        0.19636233935769534
      ],
      [
        0.2059326867127379,
        0.3083759919333769,
        0.22083511981529888,
        0.26485620153858647
      ]
    ],
    "type": "MMSM",
    "V_to_O": 0.9205958980128619,
    "O_to_V": 0.9243877483935028,
    "V___O": 0.07940410198713921
  },
  "bore_conduct_atmosphere_paper": {
    "model": [
      [
        0.1346153846153846,
        0.367948717948718,
        0.2705128205128205,
        0.22692307692307692
      ],
      [
        0.18760260472216997,
        0.22747316592425293,
        0.2890195301880085,
        0.2959046991655687
      ],
      [
        0.24923678383325534,
        0.2412296471454417,
        0.2602205912173607,
        0.24931297780394227
      ],
      [
        0.27076947046761285,
        0.3229433101656399,
        0.20992488000905182,
        0.19636233935769534
      ]
    ],
    "type": "MMSS",
    "V_to_O": 0.8967536503454443,
    "O_to_V": 0.895670830077589,
    "V___O": 0.10432916992241048
  },
  "bore_conduct_atmosphere_plant": {
    "model": [
      [
        0.1346153846153846,
        0.367948717948718,
        0.2705128205128205,
        0.22692307692307692
      ],
      [
        0.17968759625569086,
        0.2058157990063361,
        0.32269246187884304,
        0.2918041428591301
      ],
      [
        0.24923678383325534,
        0.2412296471454417,
        0.2602205912173607,
        0.24931297780394227
      ],
      [
        0.2059326867127379,
        0.3083759919333769,
        0.22083511981529888,
        0.26485620153858647
      ]
    ],
    "type": "MMSM",
    "V_to_O": 0.8829392926979243,
    "O_to_V": 0.895670830077589,
    "V___O": 0.1170607073020753
  },
  "bore_pen_boxer_plant": {
    "model": [
      [
        0.3351464623339624,
        0.2962426578051578,
        0.1991868432493433,
        0.1694240366115366
      ],
      [
        0.17968759625569086,
        0.2058157990063361,
        0.32269246187884304,
        0.2918041428591301
      ],
      [
        0.2596459887938149,
        0.19719941025158416,
        0.2524126887605148,
        0.29074191219408607
      ],
      [
        0.20629641210407126,
        0.21050587992345968,
        0.3080927203709678,
        0.2751049876015013
      ]
    ],
    "type": "MMMM",
    "V_to_O": 0.7541142751229069,
    "O_to_V": 0.9777253719710239,
    "V___O": 0.24588572487709293
  },
  "bore_pen_band_boxer": {
    "model": [
      [
        0.35983763096806576,
        0.2222076474250388,
        0.16408134860308773,
        0.2538733730038078
      ],
      [
        0.3351464623339624,
        0.2962426578051578,
        0.1991868432493433,
        0.1694240366115366
      ],
      [
        0.28399839721009457,
        0.21529948395482115,
        0.25499021417403434,
        0.24571190466104995
      ],
      [
        0.2596459887938149,
        0.19719941025158416,
        0.2524126887605148,
        0.29074191219408607
      ]
    ],
    "type": "MMMM",
    "V_to_O": 0.9506561582539843,
    "O_to_V": 0.9777253719710239,
    "V___O": 0.04934384174601525
  },
  "bore_pen_band_plant": {
    "model": [
      [
        0.35983763096806576,
        0.2222076474250388,
        0.16408134860308773,
        0.2538733730038078
      ],
      [
        0.17968759625569086,
        0.2058157990063361,
        0.32269246187884304,
        0.2918041428591301
      ],
      [
        0.28399839721009457,
        0.21529948395482115,
        0.25499021417403434,
        0.24571190466104995
      ],
      [
        0.20629641210407126,
        0.21050587992345968,
        0.3080927203709678,
        0.2751049876015013
      ]
    ],
    "type": "MMMM",
    "V_to_O": 0.8034581168689223,
    "O_to_V": 0.9849303681870245,
    "V___O": 0.19654188313107746
  },
  "bore_launch_pen_plant": {
    "model": [
      [
        0.18050734430822876,
        0.19820397644886134,
        0.27927157223006543,
        0.34201710701284443
      ],
      [
        0.17968759625569086,
        0.2058157990063361,
        0.32269246187884304,
        0.2918041428591301
      ],
      [
        0.3193953596111491,
        0.2043605149236728,
        0.26198425609478243,
        0.21425986937039565
      ],
      [
        0.28894489928940054,
        0.1843055380822644,
        0.22451999021155034,
        0.3022295724167847
      ]
    ],
    "type": "MSMM",
    "V_to_O": 0.949494562836843,
    "O_to_V": 0.8783993008323625,
    "V___O": 0.12160069916763705
  },
  "bore_launch_paper_pen": {
    "model": [
      [
        0.18760260472216997,
        0.22747316592425293,
        0.2890195301880085,
        0.2959046991655687
      ],
      [
        0.18050734430822876,
        0.19820397644886134,
        0.27927157223006543,
        0.34201710701284443
      ],
      [
        0.261664486695608,
        0.2295992104259839,
        0.21326362551763012,
        0.29547267736077804
      ],
      [
        0.3193953596111491,
        0.2043605149236728,
        0.26198425609478243,
        0.21425986937039565
      ]
    ],
    "type": "MSSM",
    "V_to_O": 0.9636355501106674,
    "O_to_V": 0.8783993008323625,
    "V___O": 0.12160069916763772
  },
  "bore_launch_paper_plant": {
    "model": [
      [
        0.18760260472216997,
        0.22747316592425293,
        0.2890195301880085,
        0.2959046991655687
      ],
      [
        0.17968759625569086,
        0.2058157990063361,
        0.32269246187884304,
        0.2918041428591301
      ],
      [
        0.261664486695608,
        0.2295992104259839,
        0.21326362551763012,
        0.29547267736077804
      ],
      [
        0.28894489928940054,
        0.1843055380822644,
        0.22451999021155034,
        0.3022295724167847
      ]
    ],
    "type": "MSSM",
    "V_to_O": 0.9704276246156041,
    "O_to_V": 0.988915168633583,
    "V___O": 0.02957237538439572
  },
  "bore_launch_boxer_pen": {
    "model": [
      [
        0.3351464623339624,
        0.2962426578051578,
        0.1991868432493433,
        0.1694240366115366
      ],
      [
        0.18050734430822876,
        0.19820397644886134,
        0.27927157223006543,
        0.34201710701284443
      ],
      [
        0.23730353644650318,
        0.25246813553028385,
        0.2685524972044154,
        0.2416758308187975
      ],
      [
        0.3193953596111491,
        0.2043605149236728,
        0.26198425609478243,
        0.21425986937039565
      ]
    ],
    "type": "MSMM",
    "V_to_O": 0.7473222006179701,
    "O_to_V": 0.8783993008323625,
    "V___O": 0.2526777993820304
  },
  "bore_launch_boxer_paper": {
    "model": [
      [
        0.3351464623339624,
        0.2962426578051578,
        0.1991868432493433,
        0.1694240366115366
      ],
      [
        0.18760260472216997,
        0.22747316592425293,
        0.2890195301880085,
        0.2959046991655687
      ],
      [
        0.23730353644650318,
        0.25246813553028385,
        0.2685524972044154,
        0.2416758308187975
      ],
      [
        0.261664486695608,
        0.2295992104259839,
        0.21326362551763012,
        0.29547267736077804
      ]
    ],
    "type": "MSMS",
    "V_to_O": 0.7836866505073028,
    "O_to_V": 0.9715227280676129,
    "V___O": 0.21631334949269831
  },
  "bore_launch_boxer_plant": {
    "model": [
      [
        0.3351464623339624,
        0.2962426578051578,
        0.1991868432493433,
        0.1694240366115366
      ],
      [
        0.17968759625569086,
        0.2058157990063361,
        0.32269246187884304,
        0.2918041428591301
      ],
      [
        0.23730353644650318,
        0.25246813553028385,
        0.2685524972044154,
        0.2416758308187975
      ],
      [
        0.28894489928940054,
        0.1843055380822644,
        0.22451999021155034,
        0.3022295724167847
      ]
    ],
    "type": "MSMM",
    "V_to_O": 0.7541142751229069,
    "O_to_V": 0.9715227280676129,
    "V___O": 0.24588572487709337
  },
  "bore_launch_boxer_film": {
    "model": [
      [
        0.3351464623339624,
        0.2962426578051578,
        0.1991868432493433,
        0.1694240366115366
      ],
      [
        0.31570939389875313,
        0.1750607497003378,
        0.19422960414236157,
        0.3150002522585474
      ],
      [
        0.23730353644650318,
        0.25246813553028385,
        0.2685524972044154,
        0.2416758308187975
      ],
      [
        0.22326597214723473,
        0.2362015814066831,
        0.30658895722316104,
        0.23394348922292119
      ]
    ],
    "type": "MSMS",
    "V_to_O": 0.8593810234599708,
    "O_to_V": 0.9715227280676129,
    "V___O": 0.1406189765400283
  },
  "bore_launch_band_pen": {
    "model": [
      [
        0.35983763096806576,
        0.2222076474250388,
        0.16408134860308773,
        0.2538733730038078
      ],
      [
        0.18050734430822876,
        0.19820397644886134,
        0.27927157223006543,
        0.34201710701284443
      ],
      [
        0.197623529481367,
        0.27095514849376406,
        0.3174455166517523,
        0.21397580537311656
      ],
      [
        0.3193953596111491,
        0.2043605149236728,
        0.26198425609478243,
        0.21425986937039565
      ]
    ],
    "type": "MSMM",
    "V_to_O": 0.7966660423639856,
    "O_to_V": 0.8783993008323625,
    "V___O": 0.20333395763601336
  },
  "bore_launch_band_paper": {
    "model": [
      [
        0.35983763096806576,
        0.2222076474250388,
        0.16408134860308773,
        0.2538733730038078
      ],
      [
        0.18760260472216997,
        0.22747316592425293,
        0.2890195301880085,
        0.2959046991655687
      ],
      [
        0.197623529481367,
        0.27095514849376406,
        0.3174455166517523,
        0.21397580537311656
      ],
      [
        0.261664486695608,
        0.2295992104259839,
        0.21326362551763012,
        0.29547267736077804
      ]
    ],
    "type": "MSMS",
    "V_to_O": 0.8330304922533183,
    "O_to_V": 0.9911500665619658,
    "V___O": 0.16696950774668173
  },
  "bore_launch_band_boxer": {
    "model": [
      [
        0.35983763096806576,
        0.2222076474250388,
        0.16408134860308773,
        0.2538733730038078
      ],
      [
        0.3351464623339624,
        0.2962426578051578,
        0.1991868432493433,
        0.1694240366115366
      ],
      [
        0.197623529481367,
        0.27095514849376406,
        0.3174455166517523,
        0.21397580537311656
      ],
      [
        0.23730353644650318,
        0.25246813553028385,
        0.2685524972044154,
        0.2416758308187975
      ]
    ],
    "type": "MSMM",
    "V_to_O": 0.9506561582539843,
    "O_to_V": 0.9715227280676129,
    "V___O": 0.04934384174601547
  },
  "bore_launch_band_plant": {
    "model": [
      [
        0.35983763096806576,
        0.2222076474250388,
        0.16408134860308773,
        0.2538733730038078
      ],
      [
        0.17968759625569086,
        0.2058157990063361,
        0.32269246187884304,
        0.2918041428591301
      ],
      [
        0.197623529481367,
        0.27095514849376406,
        0.3174455166517523,
        0.21397580537311656
      ],
      [
        0.28894489928940054,
        0.1843055380822644,
        0.22451999021155034,
        0.3022295724167847
      ]
    ],
    "type": "MSMM",
    "V_to_O": 0.8034581168689223,
    "O_to_V": 0.988915168633583,
    "V___O": 0.19654188313107723
  },
  "bore_launch_band_film": {
    "model": [
      [
        0.35983763096806576,
        0.2222076474250388,
        0.16408134860308773,
        0.2538733730038078
      ],
      [
        0.31570939389875313,
        0.1750607497003378,
        0.19422960414236157,
        0.3150002522585474
      ],
      [
        0.197623529481367,
        0.27095514849376406,
        0.3174455166517523,
        0.21397580537311656
      ],
      [
        0.22326597214723473,
        0.2362015814066831,
        0.30658895722316104,
        0.23394348922292119
      ]
    ],
    "type": "MSMS",
    "V_to_O": 0.9087248652059865,
    "O_to_V": 0.9800840686707188,
    "V___O": 0.09127513479401417
  },
  "bore_launch_film_pen": {
    "model": [
      [
        0.31570939389875313,
        0.1750607497003378,
        0.19422960414236157,
        0.3150002522585474
      ],
      [
        0.18050734430822876,
        0.19820397644886134,
        0.27927157223006543,
        0.34201710701284443
      ],
      [
        0.22326597214723473,
        0.2362015814066831,
        0.30658895722316104,
        0.23394348922292119
      ],
      [
        0.3193953596111491,
        0.2043605149236728,
        0.26198425609478243,
        0.21425986937039565
      ]
    ],
    "type": "MSSM",
    "V_to_O": 0.8879411771579991,
    "O_to_V": 0.8783993008323625,
    "V___O": 0.12160069916763894
  },
  "bore_launch_film_paper": {
    "model": [
      [
        0.31570939389875313,
        0.1750607497003378,
        0.19422960414236157,
        0.3150002522585474
      ],
      [
        0.18760260472216997,
        0.22747316592425293,
        0.2890195301880085,
        0.2959046991655687
      ],
      [
        0.22326597214723473,
        0.2362015814066831,
        0.30658895722316104,
        0.23394348922292119
      ],
      [
        0.261664486695608,
        0.2295992104259839,
        0.21326362551763012,
        0.29547267736077804
      ]
    ],
    "type": "MSSS",
    "V_to_O": 0.9243056270473318,
    "O_to_V": 0.9800840686707188,
    "V___O": 0.07569437295266912
  },
  "bore_launch_film_plant": {
    "model": [
      [
        0.31570939389875313,
        0.1750607497003378,
        0.19422960414236157,
        0.3150002522585474
      ],
      [
        0.17968759625569086,
        0.2058157990063361,
        0.32269246187884304,
        0.2918041428591301
      ],
      [
        0.22326597214723473,
        0.2362015814066831,
        0.30658895722316104,
        0.23394348922292119
      ],
      [
        0.28894489928940054,
        0.1843055380822644,
        0.22451999021155034,
        0.3022295724167847
      ]
    ],
    "type": "MSSM",
    "V_to_O": 0.8947332516629358,
    "O_to_V": 0.9800840686707188,
    "V___O": 0.10526674833706418
  },
  "bore_climb_atmosphere_pen": {
    "model": [
      [
        0.1346153846153846,
        0.367948717948718,
        0.2705128205128205,
        0.22692307692307692
      ],
      [
        0.18050734430822876,
        0.19820397644886134,
        0.27927157223006543,
        0.34201710701284443
      ],
      [
        0.30116464453420977,
        0.232639708117969,
        0.22553103900929986,
        0.24066460833852132
      ],
      [
        0.11616161616161617,
        0.5732323232323232,
        0.1691919191919192,
        0.1414141414141414
      ]
    ],
    "type": "MSSM",
    "V_to_O": 0.8444104132582394,
    "O_to_V": 0.8255746188152412,
    "V___O": 0.1744253811847586
  },
  "bore_charge_band_paper": {
    "model": [
      [
        0.35983763096806576,
        0.2222076474250388,
        0.16408134860308773,
        0.2538733730038078
      ],
      [
        0.18760260472216997,
        0.22747316592425293,
        0.2890195301880085,
        0.2959046991655687
      ],
      [
        0.38675292666980654,
        0.19116926196849474,
        0.21449251118304827,
        0.2075853001786506
      ],
      [
        0.23275372815839232,
        0.32085530544534113,
        0.20913086575036363,
        0.23726010064590294
      ]
    ],
    "type": "MMMS",
    "V_to_O": 0.8330304922533183,
    "O_to_V": 0.9226735417182987,
    "V___O": 0.16696950774668107
  },
  "bore_label_bank_lunch": {
    "model": [
      [
        0.2392942894887975,
        0.20513517311572232,
        0.20042105860069248,
        0.35514947879478775
      ],
      [
        0.22142605783910133,
        0.24748838118403335,
        0.3156571136190702,
        0.2154284473577952
      ],
      [
        0.24931190284217614,
        0.20343906285106983,
        0.28835025485325666,
        0.25889877945349743
      ],
      [
        0.31366477557530187,
        0.18604338877496776,
        0.24658362573099418,
        0.25370820991873627
      ]
    ],
    "type": "MSMS",
    "V_to_O": 0.9530428013429764,
    "O_to_V": 0.9020531903940572,
    "V___O": 0.0979468096059426
  },
  "bore_label_band_lunch": {
    "model": [
      [
        0.35983763096806576,
        0.2222076474250388,
        0.16408134860308773,
        0.2538733730038078
      ],
      [
        0.22142605783910133,
        0.24748838118403335,
        0.3156571136190702,
        0.2154284473577952
      ],
      [
        0.2109344953616053,
        0.22650628572904785,
        0.30866263315163567,
        0.25389658575771107
      ],
      [
        0.31366477557530187,
        0.18604338877496776,
        0.24658362573099418,
        0.25370820991873627
      ]
    ],
    "type": "MSMS",
    "V_to_O": 0.8868691606300301,
    "O_to_V": 0.9768347701518756,
    "V___O": 0.11313083936996993
  },
  "bore_label_band_bank": {
    "model": [
      [
        0.35983763096806576,
        0.2222076474250388,
        0.16408134860308773,
        0.2538733730038078
      ],
      [
        0.2392942894887975,
        0.20513517311572232,
        0.20042105860069248,
        0.35514947879478775
      ],
      [
        0.2109344953616053,
        0.22650628572904785,
        0.30866263315163567,
        0.25389658575771107
      ],
      [
        0.24931190284217614,
        0.20343906285106983,
        0.28835025485325666,
        0.25889877945349743
      ]
    ],
    "type": "MSMM",
    "V_to_O": 0.8623841842114153,
    "O_to_V": 0.9020531903940572,
    "V___O": 0.13761581578858495
  },
  "bore_tap_pen_plant": {
    "model": [
      [
        0.18050734430822876,
        0.19820397644886134,
        0.27927157223006543,
        0.34201710701284443
      ],
      [
        0.17968759625569086,
        0.2058157990063361,
        0.32269246187884304,
        0.2918041428591301
      ],
      [
        0.3460161610722925,
        0.23731456372854948,
        0.2106149773410508,
        0.20605429785810728
      ],
      [
        0.291847265229349,
        0.25307890967858654,
        0.2049581364553097,
        0.25011568863675465
      ]
    ],
    "type": "MMMM",
    "V_to_O": 0.9615954501070936,
    "O_to_V": 0.9031477781249508,
    "V___O": 0.09685222187504783
  },
  "bore_tap_paper_pen": {
    "model": [
      [
        0.18760260472216997,
        0.22747316592425293,
        0.2890195301880085,
        0.2959046991655687
      ],
      [
        0.18050734430822876,
        0.19820397644886134,
        0.27927157223006543,
        0.34201710701284443
      ],
      [
        0.33150339628165715,
        0.2734455570194701,
        0.19338819875776397,
        0.20166284794110875
      ],
      [
        0.3460161610722925,
        0.23731456372854948,
        0.2106149773410508,
        0.20605429785810728
      ]
    ],
    "type": "MMSM",
    "V_to_O": 0.9636355501106674,
    "O_to_V": 0.9031477781249508,
    "V___O": 0.09685222187505005
  },
  "bore_tap_paper_plant": {
    "model": [
      [
        0.18760260472216997,
        0.22747316592425293,
        0.2890195301880085,
        0.2959046991655687
      ],
      [
        0.17968759625569086,
        0.2058157990063361,
        0.32269246187884304,
        0.2918041428591301
      ],
      [
        0.33150339628165715,
        0.2734455570194701,
        0.19338819875776397,
        0.20166284794110875
      ],
      [
        0.291847265229349,
        0.25307890967858654,
        0.2049581364553097,
        0.25011568863675465
      ]
    ],
    "type": "MMSM",
    "V_to_O": 0.9399772216068083,
    "O_to_V": 0.9517305398707573,
    "V___O": 0.06002277839319259
  },
  "bore_capture_boxer_paper": {
    "model": [
      [
        0.3351464623339624,
        0.2962426578051578,
        0.1991868432493433,
        0.1694240366115366
      ],
      [
        0.18760260472216997,
        0.22747316592425293,
        0.2890195301880085,
        0.2959046991655687
      ],
      [
        0.24621064406346413,
        0.27636169043860526,
        0.24410888536539369,
        0.2333187801325371
      ],
      [
        0.22611613138429495,
        0.24314349237189628,
        0.24197583089531027,
        0.28876454534849844
      ]
    ],
    "type": "MSMS",
    "V_to_O": 0.7836866505073028,
    "O_to_V": 0.9559862238455521,
    "V___O": 0.21631334949269831
  },
  "bore_capture_boxer_cabinet": {
    "model": [
      [
        0.3351464623339624,
        0.2962426578051578,
        0.1991868432493433,
        0.1694240366115366
      ],
      [
        0.3056871591638048,
        0.18265924560923888,
        0.20155985245068572,
        0.3100937427762707
      ],
      [
        0.24621064406346413,
        0.27636169043860526,
        0.24410888536539369,
        0.2333187801325371
      ],
      [
        0.27407843843892604,
        0.24976060532175082,
        0.2451593093224285,
        0.23100164691689454
      ]
    ],
    "type": "MSMM",
    "V_to_O": 0.8569572846339235,
    "O_to_V": 0.9559862238455521,
    "V___O": 0.1430427153660767
  },
  "bore_capture_cabinet_paper": {
    "model": [
      [
        0.3056871591638048,
        0.18265924560923888,
        0.20155985245068572,
        0.3100937427762707
      ],
      [
        0.18760260472216997,
        0.22747316592425293,
        0.2890195301880085,
        0.2959046991655687
